# LumenDip Sample Light Curve Data
# Source: Kepler-style synthetic photometry
# Star: KOI-7923 | Period: 3.4 days | Transit depth: 3.8%
# Columns: Time(BJD-2454833) Relative_Flux Flux_Error
#
2454833.000  1.000120  0.000080
2454833.020  0.999980  0.000075
2454833.040  1.000210  0.000082
2454833.060  0.999870  0.000079
2454833.080  1.000050  0.000081
2454833.100  0.999930  0.000078
2454833.120  1.000180  0.000083
2454833.140  0.999760  0.000080
2454833.160  1.000090  0.000077
2454833.180  0.999850  0.000081
2454833.200  1.000130  0.000079
2454833.220  0.999910  0.000082
2454833.240  1.000040  0.000080
2454833.260  0.999780  0.000078
2454833.280  1.000200  0.000083
2454833.300  0.999960  0.000079
2454833.320  1.000110  0.000081
2454833.340  0.999830  0.000077
2454833.360  1.000070  0.000082
2454833.380  0.999900  0.000080
# Transit ingress begins
2454833.400  0.999650  0.000079
2454833.420  0.999120  0.000081
2454833.440  0.997840  0.000080
2454833.460  0.994320  0.000083
2454833.480  0.988100  0.000082
# Transit minimum (full transit)
2454833.500  0.962340  0.000085
2454833.520  0.961820  0.000084
2454833.540  0.962100  0.000086
2454833.560  0.962450  0.000083
2454833.580  0.961990  0.000085
2454833.600  0.962230  0.000084
# Transit egress begins
2454833.620  0.968540  0.000082
2454833.640  0.978920  0.000080
2454833.660  0.990180  0.000079
2454833.680  0.997430  0.000081
2454833.700  0.999580  0.000080
# Post-transit
2454833.720  1.000140  0.000079
2454833.740  0.999870  0.000081
2454833.760  1.000030  0.000082
2454833.780  0.999910  0.000080
2454833.800  1.000180  0.000078
2454833.820  0.999750  0.000081
2454833.840  1.000090  0.000083
2454833.860  0.999930  0.000079
2454833.880  1.000220  0.000080
2454833.900  0.999800  0.000082
2454833.920  1.000060  0.000081
2454833.940  0.999920  0.000079
2454833.960  1.000150  0.000080
2454833.980  0.999860  0.000083
2454834.000  1.000030  0.000081
